0.000000000000000000e+00 4.535369575023651123e-03 5.223922897130250931e-03
1.000000000000000000e+03 3.468692739261314273e-06 3.821623067779000849e-06
2.000000000000000000e+03 3.242683760618092492e-06 3.744010200534830801e-06
3.000000000000000000e+03 2.942582341347588226e-06 3.400887862881063484e-06
4.000000000000000000e+03 2.501665221643634140e-06 2.891204530897084624e-06
5.000000000000000000e+03 1.971938900169334374e-06 2.290416432515485212e-06
6.000000000000000000e+03 1.452081050956621766e-06 1.682447873463388532e-06
7.000000000000000000e+03 1.023911636366392486e-06 1.194081619360076729e-06
8.000000000000000000e+03 6.927810431989200879e-07 8.154183319675212260e-07
9.000000000000000000e+03 4.552301504645583918e-07 5.453199491967097856e-07
1.000000000000000000e+04 3.027400623523135437e-07 3.797327110532933148e-07
1.100000000000000000e+04 2.050098544259526534e-07 2.503730343050847296e-07
1.200000000000000000e+04 2.477957536939356942e-07 2.444238020871125627e-07
1.300000000000000000e+04 8.591614886199749890e-08 1.225064352183835581e-07
1.400000000000000000e+04 5.860798069079464767e-08 8.905399795366975013e-08
1.500000000000000000e+04 6.620501125098599005e-08 8.280374430569281685e-08
1.600000000000000000e+04 2.931078846302170859e-08 5.136674730010781786e-08
1.700000000000000000e+04 2.165368151452184975e-08 4.075834070249584329e-08
1.800000000000000000e+04 5.974544592390884645e-08 5.313280837526690448e-08
1.900000000000000000e+04 3.270809401101359981e-08 3.674888304772139236e-08
2.000000000000000000e+04 1.039492669718811158e-08 2.366318341273654369e-08
2.100000000000000000e+04 8.723697320078827033e-09 2.089120876291872264e-08
2.200000000000000000e+04 1.207439659367537388e-08 2.187285907950808905e-08
2.300000000000000000e+04 6.535532115492515004e-09 1.638637314727020566e-08
2.400000000000000000e+04 8.549217511699680472e-08 5.573143013748449448e-08
2.500000000000000000e+04 5.998400887108346069e-09 1.351445799713246743e-08
2.600000000000000000e+04 4.308337686609320372e-09 1.093369395022136814e-08
2.700000000000000000e+04 4.020957788952728151e-09 9.328735117719588743e-09
2.800000000000000000e+04 3.306268370195653006e-09 8.512354376932762534e-09
2.900000000000000000e+04 2.930801379363856540e-09 7.496015363983588031e-09
3.000000000000000000e+04 5.396172042537727975e-08 4.253872987192153232e-08
3.100000000000000000e+04 8.381730864925884816e-09 1.039275865366562357e-08
3.200000000000000000e+04 2.160446488375100671e-09 4.999078928591416116e-09
3.300000000000000000e+04 3.967369099910911245e-09 6.110719041885204206e-09
3.400000000000000000e+04 1.683052253120820296e-09 3.928285696730426935e-09
3.500000000000000000e+04 1.458459686354274254e-09 3.332103704067890249e-09
3.600000000000000000e+04 1.325293541576400003e-09 2.901254347875692474e-09
3.700000000000000000e+04 1.224976342584227496e-09 2.577571933670697035e-09
3.800000000000000000e+04 1.070812771786222584e-09 2.193615511458801848e-09
3.900000000000000000e+04 9.763573283194659780e-10 1.919592262922265036e-09
4.000000000000000000e+04 9.006200230032845866e-10 1.666059290528210113e-09
4.100000000000000000e+04 8.298006726192852511e-10 1.479369959866971840e-09
4.200000000000000000e+04 1.083284684177954205e-09 1.674917537997089312e-09
4.300000000000000000e+04 7.738571450310871569e-10 1.276737826572116319e-09
4.400000000000000000e+04 5.348930187665246194e-09 3.739628606780343034e-09
4.500000000000000000e+04 9.299855330269224396e-10 1.267673854776774078e-09
4.600000000000000000e+04 2.035744683936968613e-09 1.509231184471104825e-09
4.700000000000000000e+04 6.023894716378208614e-10 8.327533662644270862e-10
4.800000000000000000e+04 5.789014823065485871e-10 7.648418565153747295e-10
4.900000000000000000e+04 8.423678643509902031e-09 4.856374413719777294e-09
5.000000000000000000e+04 3.331323483735104674e-08 2.147932676166419697e-08
